0.0 119.0
0.024988662131519273 120.0
0.049977324263038546 120.0
0.07496598639455783 120.0
0.09995464852607709 124.0
0.12494331065759637 110.0
0.14993197278911566 107.0
0.17492063492063492 102.0
0.19990929705215418 98.0
0.22489795918367347 93.0
0.24988662131519274 92.0
0.274875283446712 91.0
0.2998639455782313 88.0
0.32485260770975055 86.0
0.34984126984126984 83.0
0.37482993197278913 81.0
0.39981859410430837 81.0
0.42480725623582766 79.0
0.44979591836734695 80.0
0.47478458049886624 81.0
0.4997732426303855 82.0
0.5247619047619048 84.0
0.549750566893424 86.0
0.5747392290249433 94.0
0.5997278911564626 100.0
0.6247165532879818 110.0
0.6497052154195011 116.0
0.6746938775510204 122.0
0.6996825396825397 124.0
0.724671201814059 124.0
0.7496598639455783 114.0
0.7746485260770976 115.0
0.7996371882086167 117.0
0.824625850340136 120.0
0.8496145124716553 123.0
0.8746031746031746 121.0
0.8995918367346939 120.0
0.9245804988662132 120.0
